1 1984 512 
1 2304 512 
1 2144 512 
1 2144 384 
1 288 512 
1 512 448 
1 224 864 
1 448 1312 
1 576 1312 
1 704 1312 
1 1312 1824 
1 1824 1248 
1 1920 1344 
1 2656 1504 
1 2848 1504 
1 2848 1824 
1 2656 1824 
1 2656 1760 
1 2848 1760 
1 2144 1824 
1 704 1184 
1 448 1184 
1 448 352 
2 2 608 704 608 768 
2 2 2112 1152 2176 1152 
2 2 2720 1568 2784 1568 
2 2 2720 1888 2784 1888 
2 2 2592 1664 2592 1728 
0 2 1504 1856 1600 1856 
0 2 1248 1088 1248 1152 
0 2 2496 2400 2496 2592 
5 1344 1056 
6 1344 1184 
8 1550 1782 
7 576 1120 
6 1984 1248 
7 160 256 
5 512 256 
5 2144 768 
6 896 1408 
9 576 1216 
5 2496 1536 
7 2368 1536 
3 1056 1056 
4 512 1408 
4 704 1408 
0 1280 2496 
4 2208 2144 
4 576 2144 
3 2560 2368 
3 2560 2624 
3 1312 1888 
3 2368 1088 
3 2432 1024 
3 2496 960 
3 1920 1088 
3 1856 1024 
3 1792 960 
4 2080 608 
4 2214 610 
4 1856 1408 
2 2 1728 768 1728 704 
2 2 2560 768 2560 704 